4.938
7.488
9.988
24.588
27.087
30.837
33.337
38.137
40.637
45.92
48.42
50.92
59.27
64.019
69.453
83.385
88.668
94.818
96.985
99.485
108.534
110.568
113.068
121.601
135.433
138.05
140.55
146.466
152.866
155.166
157.666
162.549
165.049
171.665
176.615
181.682
183.865
186.365
191.898
194.398
199.047
201.547
207.664
210.23
212.73
217.214
219.713
223.88
226.38
231.463
233.963
239.763
245.446
249.362
251.895
254.395
262.028
278.661
281.161
287.111
290.411
292.944
295.56
298.06
303.094
305.593
312.36
315.91
318.41
323.659
326.159
329.393
331.892
337.209
339.609
342.109
358.608
360.991
363.491
371.424
374.008
376.507
380.707
383.207
389.674
398.59
401.09
413.623
415.606
418.106
422.322
424.822
428.572
431.072
437.188
439.688
442.905
445.405
453.904
459.038
462.321
468.071
478.637
485.203
487.336
489.836
496.719
509.852
515.435
517.969
520.469
536.285
539.201
550.267
552.767
557.967
560.467
568.0
570.317
572.817
578.033
588.766
591.266
624.248
626.748
633.897
636.247
638.747
643.264
645.764
651.813
657.347
659.447
661.946
670.229
672.813
675.313
681.946
684.162
686.662
690.895
693.478
695.978
700.962
703.461
721.811
724.694
727.194
735.627
737.96
740.46
746.36
748.86
755.626
758.276
769.826
802.191
804.691
810.957
813.457
835.056
837.14
839.64
846.206
854.289
856.789
862.455
864.539
867.039
872.005
893.637
896.137
900.437
911.087
920.203
935.836
937.936
940.436
964.601
967.101
972.668
974.768
977.268
984.317
986.817
990.717
993.217
1006.167
1008.666
1022.183
1028.232
1030.832
1041.982
1044.232
1046.732
1053.481
1055.931
1058.431
1063.681
1066.181
1070.214
1072.714
1077.614
1081.03
1083.113
1085.613
1097.996
1100.496
1106.163
1108.663
1112.946
1115.446
1121.979
1123.979
1126.478
1130.828
1132.795
1135.295
1139.145
1141.645
1147.728
1149.911
1152.411
1166.077
1168.577
1173.743
1176.243
1182.91
1192.793
1195.793
1200.676
1204.726
1215.275
1232.941
1241.357
1243.857
1246.524
1249.024
1255.14
1265.923
1268.373
1270.94
1273.439
1279.456
1287.489
1289.989
1298.472
1309.521
1312.021
1316.971
1319.471
1324.021
1325.904
1328.404
1333.671
1336.17
1341.054
1343.554
1350.053
1352.553
1357.703
1360.203
1365.253
1367.753
1375.102
1385.252
1387.752
1395.185
1398.301
1400.335
1402.835
1407.701
1417.234
1428.45
1436.583
1446.083
1448.583
1452.883
1461.399
1471.649
1483.415
1486.565
1488.598
1491.098
1495.631
1498.131
1501.681
1504.181
1508.147
1510.647
1514.747
1517.413
1523.347
1527.996
1529.946
1532.446
1536.696
1539.196
1546.046
1547.962
1550.462
1556.895
1567.811
1569.495
1571.995
1575.645
1578.144
1583.011
1585.511
1592.944
1615.093
1618.426
1621.059
1628.509
1631.009
1633.742
1636.242
1641.042
1643.542
1650.025
1652.592
1655.091
1658.275
1671.041
1687.424
1690.457
1692.24
1694.74
1703.306
1723.806
1726.189
1747.405
1750.138
1752.638
1760.054
1765.837
1768.787
1776.237
1778.737
1783.437
1785.936
1789.986
1792.486
1796.669
1799.169
1804.986
1807.602
1815.302
1817.802
1828.018
1830.518
1837.218
1846.167
1847.851
1850.351
1855.117
1857.617
1861.984
1864.483
1869.583
1872.083
1877.2
1879.699
1888.632
1890.949
1893.449
1899.532
1907.648
1915.398
1917.898
1922.615
1925.114
1928.614
1931.114
1937.664
1940.164
1952.68
1955.18
1962.113
1964.613
1969.279
1971.779
1977.062
1986.112
1991.962
1994.928
2000.261
2002.578
2005.078
2010.911
2013.411
2023.261
2025.761
2030.51
2033.01
2040.193
2042.66
2045.16
2050.41
2052.909
2058.326
2060.476
2062.976
2071.325
2076.725
2079.092
2081.592
2088.491
2090.991
2096.291
2099.324
2102.641
2104.707
2107.207
2112.874
2115.374
2120.457
2122.74
2125.24
2129.04
2131.54
2139.189
2145.889
2147.906
2150.406
2157.239
2160.355
2162.372
2164.872
2171.155
2181.571
2184.371
2186.271
2188.771
2195.154
2205.454
2208.337
2214.737
2217.203
2219.703
2223.703
2226.203
2232.536
2234.786
2237.286
2246.919
2248.985
2251.485
2263.718
2266.218
2285.067
2287.567
2292.95
2295.45
2304.416
2306.566
2309.066
2317.416
2320.716
2322.716
2325.216
2330.565
2343.015
2349.348
2351.865
2354.364
2358.748
2364.597
2404.763
2414.645
2417.145
2424.145
2426.978
2429.478
2436.561
2438.595
2441.095
2445.094
2447.594
2452.394
2454.894
2461.594
2464.06
2469.793
2475.51
2477.593
2480.093
2488.243
2492.159
2494.009
2496.509
2499.409
2501.909
2507.759
2510.258
2523.858
2546.807
2549.307
2554.69
2557.19
2562.856
2565.356
2572.356
2591.422
2593.439
2595.938
2601.138
2603.638
2611.954
2613.988
2616.488
2621.321
2627.504
2632.037
2634.154
2636.654
2643.037
2649.386
2669.302
2679.369
2682.019
2686.252
2695.985
2698.484
2706.917
2709.001
2711.501
2717.4
2719.9
2724.917
2727.617
2730.65
2738.433
2740.933
2745.183
2747.683
2752.949
2755.449
2759.282
2761.782
2771.065
2773.298
2775.798
2780.515
2783.015
2788.781
2793.964
2800.347
2804.864
2807.53
2810.03
2815.313
2817.813
2824.046
2836.746
2839.246
2878.828
2888.694
2891.644
2904.977
2907.476
2913.143
2914.976
2917.476
2921.943
2924.442
2930.509
2933.009
2941.508
2944.008
2950.008
2953.158
2960.941
2963.441
2970.224
2972.774
2975.174
2977.674
2986.357
2990.823
3003.673
3007.189
3009.223
3011.722
3017.356
3019.855
3023.755
3026.255
3030.305
3032.805
3037.855
3040.355
3045.788
3048.288
3052.238
3054.737
3058.554
3061.054
3069.054
3071.22
3073.72
3088.419
3090.919
3098.702
3103.569
3117.068
3119.568
3127.485
3132.201
3134.218
3136.718
3142.551
3148.067
3166.316
3168.633
3171.133
3176.033
3179.216
3182.416
3184.449
3186.949
3192.465
3194.965
3200.998
3203.498
3210.665
3212.931
3215.431
3219.231
3221.731
3226.147
3228.647
3235.53
3240.547
3245.497
3250.297
3253.03
3255.23
3257.73
3262.746
3266.263
3268.579
3271.079
3276.712
3278.929
3281.429
3287.145
3289.645
3297.328
3301.195
3303.644
3305.794
3308.294
3313.511
3316.011
3322.46
3325.41
3327.91
3344.776
3354.526
3356.476
3358.976
3365.325
3367.825
3372.558
3376.308
3377.958
3380.458
3406.624
3409.124
3415.573
3421.09
3423.14
3425.64
3436.839
3439.339
3449.839
3452.339
3458.738
3461.755
3463.772
3466.271
3471.771
3474.271
3479.904
3482.404
3487.404
3489.904
3497.437
3499.754
3502.02
3504.52
3512.453
3515.253
3517.753
3523.336
3525.836
3531.486
3543.469
3545.968
3551.235
3562.001
3567.584
3569.751
3578.334
3580.834
3586.75
3589.25
3600.1
3602.6
3607.183
3609.233
3611.733
3617.866
3622.815
3631.132
3633.632
3669.414
3671.914
3677.347
3682.28
3685.63
3694.196
3697.263
3699.546
3702.046
3707.496
3735.994
3738.061
3740.561
3744.827
3747.327
3751.744
3754.244
3760.644
3762.843
3765.343
3769.21
3771.426
3773.926
3792.142
3794.642
3800.875
3803.375
3810.275
3822.024
3824.458
3826.958
3832.207
3840.074
3842.574
3847.173
3849.673
3855.357
3857.856
3863.673
3874.472
3877.972
3887.539
3890.038
3897.705
3899.755
3902.255
3909.488
3921.204
3932.92
3934.52
3937.02
