7.488
24.588
30.837
38.137
45.92
49.92
50.92
64.019
69.453
88.668
96.985
108.534
110.568
121.601
138.05
146.466
156.666
157.666
162.549
185.365
186.365
191.898
199.047
207.664
211.73
212.73
218.713
219.713
223.88
231.463
239.763
245.446
249.362
253.395
254.395
280.161
281.161
290.411
297.06
298.06
304.593
305.593
312.36
315.91
325.159
326.159
330.892
331.892
337.209
339.609
358.608
360.991
371.424
375.507
376.507
380.707
389.674
400.09
401.09
415.606
422.322
430.072
431.072
437.188
444.405
445.405
459.038
478.637
485.203
487.336
501.719
517.969
539.201
550.267
557.967
568.0
571.817
572.817
578.033
588.766
625.748
626.748
633.897
637.747
638.747
643.264
651.813
660.946
661.946
674.313
675.313
684.162
690.895
694.978
695.978
700.962
721.811
726.194
727.194
737.96
747.86
748.86
755.626
762.776
769.826
802.191
812.457
813.457
835.056
837.14
849.706
855.789
856.789
862.455
866.039
867.039
876.505
895.137
896.137
904.937
915.587
920.203
935.836
939.436
940.436
966.101
967.101
972.668
976.268
977.268
984.317
990.717
1006.167
1034.832
1045.732
1046.732
1053.481
1057.431
1058.431
1065.181
1066.181
1070.214
1077.614
1083.113
1097.996
1106.163
1114.446
1115.446
1123.979
1130.828
1134.295
1135.295
1140.645
1141.645
1147.728
1149.911
1167.577
1168.577
1175.243
1176.243
1182.91
1192.793
1200.676
1204.726
1219.275
1232.941
1242.857
1243.857
1248.024
1249.024
1255.14
1268.373
1272.44
1273.439
1279.456
1288.989
1289.989
1298.472
1311.021
1312.021
1316.971
1325.904
1333.671
1341.054
1350.053
1359.203
1360.203
1365.253
1386.752
1387.752
1395.185
1400.335
1407.701
1432.45
1441.583
1447.583
1448.583
1456.882
1461.399
1483.415
1490.098
1491.098
1497.131
1498.131
1501.681
1508.147
1517.413
1527.996
1531.446
1532.446
1538.196
1539.196
1547.962
1556.895
1567.811
1569.495
1577.145
1578.144
1583.011
1592.944
1618.426
1624.559
1628.509
1635.242
1636.242
1642.542
1643.542
1650.025
1654.091
1655.091
1662.774
1690.457
1692.24
1723.806
1730.689
1747.405
1750.138
1760.054
1765.837
1768.787
1777.737
1778.737
1783.437
1791.486
1792.486
1798.169
1799.169
1811.102
1815.302
1828.018
1837.218
1846.167
1847.851
1855.117
1863.483
1864.483
1871.083
1872.083
1878.7
1879.699
1890.949
1903.532
1911.648
1915.398
1922.615
1930.114
1931.114
1937.664
1954.18
1955.18
1962.113
1970.779
1971.779
1977.062
1986.112
1994.928
2004.078
2005.078
2010.911
2023.261
2030.51
2040.193
2042.66
2050.41
2058.326
2061.976
2062.976
2076.725
2080.592
2081.592
2088.491
2102.641
2106.207
2107.207
2114.374
2115.374
2120.457
2122.74
2129.04
2145.889
2147.906
2162.372
2171.155
2181.571
2187.771
2188.771
2195.154
2214.737
2218.703
2219.703
2223.703
2232.536
2234.786
2250.485
2251.485
2265.218
2266.218
2285.067
2292.95
2308.066
2309.066
2322.716
2336.065
2349.348
2353.365
2354.364
2358.748
2364.597
2414.645
2424.145
2428.478
2429.478
2438.595
2446.594
2447.594
2453.894
2454.894
2464.06
2469.793
2477.593
2492.159
2494.009
2500.909
2501.909
2509.258
2510.258
2523.858
2548.307
2549.307
2556.19
2557.19
2564.356
2565.356
2572.356
2593.439
2602.638
2603.638
2613.988
2621.321
2632.037
2635.654
2636.654
2643.037
2674.302
2679.369
2682.019
2697.485
2698.484
2710.501
2711.501
2718.9
2719.9
2730.65
2738.433
2746.683
2747.683
2754.449
2755.449
2759.282
2771.065
2774.798
2775.798
2780.515
2788.781
2793.964
2804.864
2807.53
2815.313
2836.746
2883.327
2888.694
2894.644
2904.977
2913.143
2916.476
2917.476
2923.442
2924.442
2930.509
2941.508
2950.008
2957.158
2960.941
2972.774
2975.174
2986.357
2990.823
3003.673
3009.223
3017.356
3023.755
3030.305
3037.855
3047.288
3048.288
3052.238
3060.054
3061.054
3072.72
3073.72
3089.919
3090.919
3098.702
3103.569
3117.068
3134.218
3142.551
3166.316
3168.633
3179.216
3182.416
3184.449
3192.465
3202.498
3203.498
3214.431
3215.431
3220.731
3221.731
3226.147
3235.53
3240.547
3250.297
3253.03
3255.23
3262.746
3266.263
3268.579
3280.429
3281.429
3287.145
3301.195
3307.294
3308.294
3313.511
3322.46
3325.41
3357.976
3358.976
3365.325
3372.558
3379.458
3380.458
3406.624
3423.14
3438.339
3439.339
3449.839
3458.738
3465.272
3466.271
3473.271
3474.271
3481.404
3482.404
3488.904
3489.904
3502.02
3512.453
3515.253
3524.836
3525.836
3544.968
3545.968
3551.235
3562.001
3574.251
3579.834
3580.834
3588.25
3589.25
3600.1
3610.733
3611.733
3617.866
3632.632
3633.632
3669.414
3677.347
3682.28
3685.63
3694.196
3699.546
3707.496
3735.994
3738.061
3746.327
3747.327
3751.744
3764.343
3765.343
3771.426
3792.142
3802.375
3803.375
3810.275
3824.458
3832.207
3840.074
3848.673
3849.673
3855.356
3867.173
3882.472
3887.539
3899.755
3909.488
3925.204
3932.92
3936.02
3937.02
