8.988
9.988
26.087
27.087
30.837
38.137
45.92
48.42
49.92
50.92
96.985
112.068
113.068
139.55
140.55
146.466
155.166
156.666
157.666
164.049
165.049
171.665
183.865
185.365
186.365
193.398
194.398
200.547
201.547
217.214
218.713
219.713
223.88
231.463
278.661
280.161
281.161
287.111
292.944
317.41
318.41
329.393
330.892
331.892
341.109
342.109
360.991
374.007
375.507
376.507
382.207
383.207
389.674
398.59
400.09
401.09
413.623
415.606
422.322
437.188
478.637
487.336
496.719
501.719
519.469
520.469
539.201
551.767
552.767
557.967
578.033
588.766
624.248
625.748
626.748
636.247
637.747
638.747
644.764
645.764
681.946
685.662
686.662
690.895
702.462
703.461
724.694
726.194
727.194
737.96
746.36
747.86
748.86
758.276
762.776
803.691
804.691
810.957
812.457
813.457
835.056
838.64
839.64
846.206
849.706
854.289
855.789
856.789
862.455
872.005
876.505
893.637
895.137
896.137
900.437
904.937
911.087
915.587
920.203
964.601
966.101
967.101
972.668
985.817
986.817
990.717
1007.666
1008.666
1022.183
1030.832
1034.832
1044.232
1045.732
1046.732
1053.481
1063.681
1065.181
1066.181
1071.714
1072.714
1077.614
1083.113
1097.996
1107.663
1108.663
1112.946
1114.446
1115.446
1123.979
1130.828
1151.411
1152.411
1215.275
1219.275
1232.941
1241.357
1242.857
1243.857
1246.524
1248.024
1249.024
1255.14
1268.373
1279.456
1309.521
1311.021
1312.021
1316.971
1324.021
1325.904
1335.171
1336.17
1341.054
1351.553
1352.553
1365.253
1401.835
1402.835
1407.701
1428.45
1432.45
1436.583
1441.583
1452.883
1456.882
1461.399
1471.649
1486.565
1495.631
1497.131
1498.131
1501.681
1508.147
1514.747
1517.413
1536.696
1538.196
1539.196
1547.962
1556.895
1570.995
1571.995
1575.645
1577.145
1578.144
1584.511
1585.511
1621.059
1624.559
1630.009
1631.009
1633.742
1635.242
1636.242
1658.275
1662.774
1693.74
1694.74
1726.189
1730.689
1750.138
1768.787
1783.437
1796.669
1798.169
1799.169
1804.986
1807.602
1811.102
1815.302
1828.018
1847.851
1856.617
1857.617
1877.2
1878.7
1879.699
1890.949
1899.532
1903.532
1907.648
1911.648
1916.898
1917.898
1924.114
1925.114
1939.164
1940.164
1952.68
1954.18
1955.18
1963.613
1964.613
1977.062
2012.411
2013.411
2023.261
2032.01
2033.01
2042.66
2051.91
2052.909
2060.476
2061.976
2062.976
2089.991
2090.991
2099.324
2104.707
2106.207
2107.207
2112.874
2114.374
2115.374
2120.457
2124.24
2125.24
2129.04
2147.906
2163.872
2164.872
2171.155
2184.371
2186.271
2187.771
2188.771
2195.154
2205.454
2208.337
2217.203
2218.703
2219.703
2225.203
2226.203
2232.536
2234.786
2248.985
2250.485
2251.485
2263.718
2265.218
2266.218
2286.567
2287.567
2294.45
2295.45
2324.216
2325.216
2330.565
2336.065
2351.865
2353.365
2354.364
2414.645
2438.595
2452.394
2453.894
2454.894
2464.06
2479.093
2480.093
2495.509
2496.509
2507.759
2509.258
2510.258
2523.858
2546.807
2548.307
2549.307
2554.69
2556.19
2557.19
2572.356
2594.939
2595.938
2601.138
2602.638
2603.638
2613.988
2621.321
2669.302
2674.302
2679.369
2682.018
2709.001
2710.501
2711.501
2724.917
2730.65
2738.433
2745.183
2746.683
2747.683
2752.949
2754.449
2755.449
2759.282
2780.515
2788.781
2807.53
2815.313
2838.246
2839.246
2878.828
2883.327
2891.644
2894.644
2904.977
2921.943
2923.442
2924.442
2932.009
2933.009
2941.508
2953.158
2957.158
2962.441
2963.441
2970.224
2972.774
2976.674
2977.674
3009.223
3017.356
3023.755
3031.805
3032.805
3037.855
3045.788
3047.288
3048.288
3053.737
3054.737
3071.22
3072.72
3073.72
3118.568
3119.568
3135.718
3136.718
3142.551
3168.633
3182.416
3185.949
3186.949
3193.965
3194.965
3200.998
3202.498
3203.498
3226.147
3255.23
3262.746
3270.079
3271.079
3278.929
3280.429
3281.429
3287.145
3305.794
3307.294
3308.294
3313.511
3326.91
3327.91
3354.526
3356.476
3357.976
3358.976
3366.825
3367.825
3377.958
3379.458
3380.458
3408.124
3409.124
3424.64
3425.64
3436.839
3438.339
3439.339
3449.839
3463.772
3465.272
3466.271
3471.771
3473.271
3474.271
3479.904
3481.404
3482.404
3487.404
3488.904
3489.904
3499.753
3502.02
3516.753
3517.753
3523.336
3524.836
3525.836
3569.751
3574.251
3586.75
3588.25
3589.25
3601.6
3602.6
3607.183
3669.414
3677.347
3699.546
3707.496
3739.561
3740.561
3751.744
3769.21
3772.926
3773.926
3793.642
3794.642
3810.275
3825.958
3826.958
3832.207
3841.574
3842.574
3847.173
3848.673
3849.673
3855.356
3863.673
3867.173
3877.972
3882.472
3887.539
3901.255
3902.255
3921.204
3925.204
