4.938
7.488
8.988
9.988
32.337
33.337
39.637
40.637
48.42
49.92
50.92
59.27
83.385
94.818
98.485
99.485
135.433
152.866
162.549
164.049
165.049
171.665
176.615
181.682
207.664
225.38
226.38
232.963
233.963
239.763
249.362
251.895
253.395
254.395
262.028
287.111
290.411
292.944
312.36
315.91
317.41
318.41
337.209
358.608
362.491
363.491
389.673
398.59
400.09
401.09
413.623
415.606
422.322
438.688
439.688
442.905
444.405
445.405
453.904
468.071
487.336
509.852
515.435
536.285
550.267
551.767
552.767
557.967
570.317
571.817
572.817
578.033
590.266
591.266
651.813
657.347
659.447
660.946
661.946
670.229
672.813
674.313
675.313
681.946
684.162
685.662
686.662
693.478
694.978
695.978
700.962
702.462
703.461
724.694
726.194
727.194
735.627
739.46
740.46
746.36
747.86
748.86
810.957
812.457
813.457
837.14
838.64
839.64
854.289
855.789
856.789
974.768
976.268
977.268
990.717
1006.167
1007.666
1008.666
1022.183
1028.232
1041.982
1044.232
1045.732
1046.732
1063.681
1065.181
1066.181
1083.113
1097.996
1123.979
1139.145
1140.645
1141.645
1147.728
1173.743
1175.243
1176.243
1232.941
1246.524
1248.024
1249.024
1255.14
1265.923
1279.456
1309.521
1311.021
1312.021
1316.971
1324.021
1325.904
1341.054
1365.253
1375.102
1385.252
1386.752
1387.752
1400.335
1401.835
1402.835
1407.701
1417.234
1461.399
1471.649
1486.565
1501.681
1509.647
1510.647
1514.747
1523.347
1529.946
1531.446
1532.446
1536.696
1538.196
1539.196
1546.046
1547.962
1556.895
1615.093
1618.426
1628.509
1630.009
1631.009
1641.042
1642.542
1643.542
1650.025
1671.041
1690.457
1703.306
1723.806
1747.405
1751.638
1752.638
1768.787
1776.237
1777.737
1778.737
1783.437
1789.986
1791.486
1792.486
1804.986
1815.302
1828.018
1846.167
1847.851
1855.117
1856.617
1857.617
1869.583
1871.083
1872.083
1877.2
1878.699
1879.699
1888.632
1892.449
1893.449
1915.398
1916.898
1917.898
1922.614
1924.114
1925.114
1937.664
1939.164
1940.164
1962.113
1963.613
1964.613
1977.062
1986.112
1991.962
1994.928
2000.261
2023.261
2030.51
2032.01
2033.01
2044.16
2045.16
2050.41
2051.91
2052.909
2058.326
2060.476
2061.976
2062.976
2071.325
2079.092
2080.592
2081.592
2088.491
2089.991
2090.991
2099.324
2102.641
2104.707
2106.207
2107.207
2130.54
2131.54
2139.189
2145.889
2147.906
2157.239
2162.372
2163.872
2164.872
2171.155
2184.371
2205.454
2208.337
2217.203
2218.703
2219.703
2223.703
2225.203
2226.203
2236.286
2237.286
2246.919
2248.985
2250.485
2251.485
2292.95
2294.45
2295.45
2304.416
2306.566
2308.066
2309.066
2317.416
2343.015
2358.748
2404.763
2416.145
2417.145
2426.978
2428.478
2429.478
2440.095
2441.094
2445.094
2446.594
2447.594
2452.394
2453.894
2454.894
2461.594
2475.51
2488.243
2494.009
2495.509
2496.509
2499.409
2500.909
2501.909
2507.759
2509.258
2510.258
2523.858
2546.807
2548.307
2549.307
2554.69
2556.19
2557.19
2572.356
2593.439
2594.938
2595.938
2611.954
2615.488
2616.488
2627.504
2649.386
2686.252
2695.985
2697.485
2698.484
2706.917
2717.4
2718.9
2719.9
2724.917
2730.65
2739.933
2740.933
2760.782
2761.782
2773.298
2774.798
2775.798
2780.515
2800.347
2809.03
2810.03
2815.313
2836.746
2838.246
2839.246
2888.694
2904.977
2930.509
2932.009
2933.009
2941.508
2950.008
2970.224
3009.223
3018.855
3019.855
3025.255
3026.255
3030.305
3031.805
3032.805
3039.355
3040.355
3058.554
3060.054
3061.054
3069.053
3071.22
3072.72
3073.72
3117.068
3118.568
3119.568
3127.485
3132.201
3134.218
3135.718
3136.718
3148.067
3168.633
3179.216
3184.449
3185.949
3186.949
3210.665
3219.231
3220.731
3221.731
3227.647
3228.647
3245.497
3253.03
3256.73
3257.73
3266.263
3278.929
3280.429
3281.429
3288.645
3289.645
3297.328
3305.794
3307.294
3308.294
3315.011
3316.011
3325.41
3326.91
3327.91
3344.776
3354.526
3356.476
3357.976
3358.976
3372.558
3406.624
3408.124
3409.124
3421.09
3423.14
3424.64
3425.64
3436.839
3438.339
3439.339
3449.839
3458.738
3479.904
3481.404
3482.404
3487.404
3488.904
3489.904
3497.437
3499.753
3503.52
3504.52
3551.235
3562.001
3567.584
3578.334
3579.834
3580.834
3600.1
3601.6
3602.6
3607.183
3609.233
3610.733
3611.733
3622.815
3631.132
3632.632
3633.632
3670.914
3671.914
3685.63
3699.546
3707.496
3751.744
3769.21
3810.275
3822.024
3824.458
3825.958
3826.958
3832.207
3840.074
3841.574
3842.574
3847.173
3848.673
3849.673
3855.356
3874.472
3887.539
3897.705
3899.755
3901.255
3902.255
3934.52
3936.02
3937.02
