24.588
26.087
27.087
48.42
49.92
50.92
64.019
69.452
88.668
108.534
110.568
112.068
113.068
121.6
138.05
139.55
140.55
155.166
156.666
157.666
171.665
183.865
185.365
186.365
191.898
193.398
194.398
199.047
200.547
201.547
207.664
210.23
211.73
212.73
217.214
218.713
219.713
239.763
245.446
249.362
278.661
280.161
281.161
287.111
290.411
292.944
295.56
297.06
298.06
303.094
304.593
305.593
312.36
323.659
325.159
326.159
329.393
330.892
331.892
337.209
339.609
341.109
342.109
358.608
371.424
374.007
375.507
376.507
380.707
382.207
383.207
394.673
398.59
400.09
401.09
413.623
415.606
422.322
428.572
430.072
431.072
459.038
462.321
485.203
487.336
517.969
519.469
520.469
557.967
568.0
584.033
624.248
625.748
626.748
633.897
636.247
637.747
638.747
643.264
644.764
645.764
651.813
681.946
721.811
724.694
726.194
727.194
746.36
747.86
748.86
755.626
769.826
802.191
803.691
804.691
810.957
812.457
813.457
854.289
855.789
856.789
864.539
866.039
867.039
893.637
895.137
896.137
935.836
937.936
939.436
940.436
964.601
966.101
967.101
984.317
985.817
986.817
990.717
1022.182
1044.232
1045.732
1046.732
1055.931
1057.431
1058.431
1063.681
1065.181
1066.181
1070.214
1071.714
1072.714
1081.03
1083.113
1097.996
1106.163
1107.663
1108.663
1112.946
1114.446
1115.446
1121.979
1123.979
1132.795
1134.295
1135.295
1147.728
1149.911
1151.411
1152.411
1166.077
1167.577
1168.577
1182.91
1192.793
1195.793
1200.676
1204.725
1236.441
1241.357
1242.857
1243.857
1246.524
1248.024
1249.024
1259.64
1270.94
1272.44
1273.439
1283.956
1287.489
1288.989
1289.989
1298.472
1309.521
1311.021
1312.021
1316.971
1324.021
1325.904
1333.671
1335.171
1336.17
1341.054
1350.053
1351.553
1352.553
1357.703
1359.203
1360.203
1365.253
1395.185
1398.301
1410.701
1446.083
1447.583
1448.583
1465.899
1471.649
1483.415
1486.565
1488.598
1490.098
1491.098
1495.631
1497.131
1498.131
1501.681
1514.747
1527.996
1536.696
1538.196
1539.196
1547.962
1560.395
1567.811
1569.495
1570.995
1571.995
1575.645
1577.145
1578.144
1583.011
1584.511
1585.511
1592.944
1618.426
1633.742
1635.242
1636.242
1650.025
1652.592
1654.091
1655.091
1687.424
1690.457
1692.24
1693.74
1694.74
1723.806
1747.405
1760.054
1765.837
1772.787
1783.436
1796.669
1798.169
1799.169
1804.986
1815.302
1828.018
1837.218
1846.167
1847.851
1861.984
1863.483
1864.483
1877.2
1878.699
1879.699
1928.614
1930.114
1931.114
1952.68
1954.18
1955.18
1969.279
1970.779
1971.779
1981.562
1986.112
1994.928
2002.578
2004.078
2005.078
2010.911
2012.411
2013.411
2023.261
2040.193
2058.326
2060.476
2061.976
2062.976
2076.725
2096.291
2099.324
2102.641
2104.707
2106.207
2107.207
2112.874
2114.374
2115.374
2122.74
2124.24
2125.24
2145.889
2147.906
2160.355
2175.155
2181.571
2184.371
2186.271
2187.771
2188.771
2205.454
2208.337
2214.737
2217.203
2218.703
2219.703
2248.985
2250.485
2251.485
2263.718
2265.218
2266.218
2285.067
2286.567
2287.567
2320.716
2322.716
2324.216
2325.216
2349.348
2351.865
2353.364
2354.364
2358.748
2364.597
2424.145
2436.561
2452.394
2453.894
2454.894
2469.793
2477.593
2479.093
2480.093
2492.159
2507.758
2509.258
2510.258
2527.858
2546.807
2548.307
2549.307
2554.69
2556.19
2557.19
2562.856
2564.356
2565.356
2575.856
2591.422
2601.138
2602.638
2603.638
2632.037
2634.154
2635.654
2636.654
2643.037
2709.001
2710.501
2711.501
2724.917
2727.617
2734.65
2745.183
2746.683
2747.683
2752.949
2754.449
2755.449
2771.065
2780.515
2793.964
2804.864
2815.313
2824.046
2888.694
2904.977
2913.143
2914.976
2916.476
2917.476
2921.943
2923.442
2924.442
2941.508
2950.008
2960.941
2962.441
2963.441
2970.224
2975.174
2976.674
2977.674
2986.357
2990.823
3003.673
3007.189
3009.223
3045.788
3047.288
3048.288
3052.238
3053.737
3054.737
3071.22
3072.72
3073.72
3088.419
3089.919
3090.919
3098.702
3103.569
3166.316
3168.633
3176.033
3179.216
3192.465
3193.965
3194.965
3200.998
3202.498
3203.498
3212.931
3214.431
3215.431
3235.53
3240.547
3250.297
3253.03
3266.262
3268.579
3270.079
3271.079
3276.712
3278.929
3280.429
3281.429
3301.195
3303.644
3305.794
3307.294
3308.294
3322.46
3354.526
3356.476
3357.976
3358.976
3365.325
3366.825
3367.825
3372.558
3376.308
3377.958
3379.458
3380.458
3415.573
3436.839
3438.339
3439.339
3449.839
3458.738
3461.755
3463.772
3465.272
3466.271
3471.771
3473.271
3474.271
3479.904
3481.404
3482.404
3487.404
3488.904
3489.904
3499.753
3512.453
3515.253
3516.753
3517.753
3523.336
3524.836
3525.836
3531.486
3543.468
3544.968
3545.968
3551.235
3562.001
3586.75
3588.25
3589.25
3607.183
3617.866
3682.28
3685.63
3694.196
3697.263
3699.546
3712.995
3735.994
3738.061
3739.561
3740.561
3744.827
3746.327
3747.327
3751.744
3760.643
3762.843
3764.343
3765.343
3769.21
3771.426
3772.926
3773.926
3792.142
3793.642
3794.642
3800.875
3802.375
3803.375
3815.275
3836.207
3847.173
3848.673
3849.673
3855.356
3887.539
3909.488
3932.92
