24.588
26.087
27.087
45.92
48.42
49.92
50.92
110.568
112.068
113.068
138.05
139.55
140.55
146.466
191.898
193.398
194.398
199.047
200.547
201.547
207.664
239.763
249.362
251.895
253.395
254.395
290.411
312.36
337.209
339.609
341.109
342.109
358.608
380.707
382.207
383.207
389.673
394.673
398.59
400.09
401.09
417.106
418.106
423.822
424.822
442.905
444.405
445.405
462.321
478.637
488.836
489.836
496.719
501.719
517.969
519.469
520.469
539.201
559.467
560.467
570.317
571.817
572.816
578.033
584.033
643.264
644.764
645.764
651.813
659.447
660.946
661.946
672.813
674.313
675.313
690.895
693.478
694.978
695.978
724.694
726.194
727.194
746.36
747.86
748.86
758.276
762.776
802.191
803.691
804.691
810.957
812.457
813.457
835.056
846.206
849.706
854.289
855.789
856.789
862.455
872.005
876.505
900.437
904.937
911.087
915.587
920.203
972.668
974.768
976.268
977.268
984.317
985.817
986.817
992.217
993.217
1030.832
1034.832
1044.232
1045.732
1046.732
1053.481
1063.681
1065.181
1066.181
1070.214
1071.714
1072.714
1077.614
1081.03
1084.613
1085.613
1099.496
1100.496
1106.163
1107.663
1108.663
1121.979
1125.478
1126.478
1130.828
1139.145
1140.645
1141.645
1147.728
1149.911
1151.411
1152.411
1173.743
1175.243
1176.243
1195.793
1215.275
1219.275
1232.941
1236.441
1246.524
1248.024
1249.024
1255.14
1259.64
1268.373
1279.456
1283.956
1309.521
1311.021
1312.021
1318.471
1319.471
1327.404
1328.404
1333.671
1335.171
1336.17
1342.554
1343.553
1350.053
1351.553
1352.553
1366.753
1367.752
1385.252
1386.752
1387.752
1398.301
1407.701
1410.701
1428.45
1432.45
1436.583
1441.583
1452.883
1456.882
1461.399
1465.899
1503.181
1504.181
1517.413
1529.946
1531.446
1532.446
1536.696
1538.196
1539.196
1549.462
1550.462
1556.895
1560.395
1569.495
1570.995
1571.995
1583.011
1584.511
1585.511
1618.426
1621.059
1624.559
1641.042
1642.542
1643.542
1650.025
1658.275
1662.774
1687.424
1690.457
1692.24
1693.74
1694.74
1723.805
1726.189
1730.689
1747.405
1768.787
1772.787
1776.237
1777.737
1778.737
1784.936
1785.936
1789.986
1791.486
1792.486
1807.602
1811.102
1816.802
1817.802
1829.518
1830.518
1846.167
1849.351
1850.351
1869.583
1871.083
1872.083
1877.2
1878.699
1879.699
1899.532
1903.532
1907.648
1911.648
1977.062
1981.562
1986.112
1994.928
2010.911
2012.411
2013.411
2024.76
2025.76
2058.326
2060.476
2061.976
2062.976
2079.092
2080.592
2081.592
2096.291
2102.641
2104.707
2106.207
2107.207
2120.457
2122.74
2124.24
2125.24
2145.889
2149.406
2150.406
2160.355
2171.155
2175.155
2195.154
2217.203
2218.703
2219.703
2232.536
2248.985
2250.485
2251.485
2285.067
2286.567
2287.567
2306.566
2308.066
2309.066
2320.716
2322.716
2324.216
2325.216
2330.565
2336.065
2358.748
2426.978
2428.478
2429.478
2436.561
2445.094
2446.594
2447.594
2452.394
2453.894
2454.894
2464.06
2477.593
2479.093
2480.093
2499.409
2500.909
2501.909
2507.758
2509.258
2510.258
2523.858
2527.858
2546.807
2548.307
2549.307
2554.69
2556.19
2557.19
2572.356
2575.856
2591.422
2621.321
2669.302
2674.302
2679.369
2682.018
2695.985
2697.484
2698.484
2717.4
2718.9
2719.9
2727.617
2730.65
2734.65
2773.298
2774.798
2775.798
2782.015
2783.015
2788.781
2816.813
2817.813
2824.046
2878.828
2883.327
2888.694
2891.644
2894.644
2906.477
2907.476
2943.008
2944.008
2950.008
2953.158
2957.158
2960.941
2962.441
2963.441
2972.774
2975.174
2976.674
2977.674
3007.189
3010.722
3011.722
3052.238
3053.737
3054.737
3058.554
3060.054
3061.054
3071.22
3072.72
3073.72
3142.551
3170.133
3171.133
3176.033
3179.216
3182.416
3192.465
3193.965
3194.965
3219.231
3220.731
3221.731
3253.03
3262.746
3266.262
3268.579
3270.079
3271.079
3276.712
3278.929
3280.429
3281.429
3303.644
3305.794
3307.294
3308.294
3356.476
3357.976
3358.976
3365.325
3366.825
3367.825
3372.558
3376.308
3415.573
3436.839
3438.339
3439.339
3451.339
3452.339
3458.738
3461.755
3479.904
3481.404
3482.404
3487.404
3488.904
3489.904
3515.253
3516.753
3517.753
3531.486
3551.235
3562.001
3569.751
3574.251
3578.334
3579.834
3580.834
3609.233
3610.733
3611.733
3631.132
3632.632
3633.632
3677.347
3685.63
3697.263
3701.046
3702.046
3707.496
3712.995
3738.061
3739.561
3740.561
3753.244
3754.244
3760.643
3771.426
3772.926
3773.926
3792.142
3793.642
3794.642
3810.275
3815.275
3832.207
3836.207
3847.173
3848.673
3849.673
3856.856
3857.856
3863.673
3867.173
3877.972
3882.472
3889.038
3890.038
3921.204
3925.204
3934.52
3936.02
3937.02
