4.938
30.837
32.337
33.337
38.137
39.637
40.637
45.92
59.27
64.019
69.452
83.385
88.668
94.818
96.985
98.485
99.485
108.534
121.6
135.433
146.466
152.866
171.665
176.615
181.681
207.664
210.23
211.73
212.73
223.88
225.38
226.38
231.463
232.963
233.963
239.763
245.446
249.362
262.028
287.111
290.411
292.944
295.56
297.06
298.06
303.094
304.593
305.593
312.36
323.659
325.159
326.159
337.209
358.608
360.991
362.491
363.491
371.424
389.673
394.673
413.623
428.572
430.072
431.072
437.188
438.688
439.688
453.904
459.038
462.321
468.071
478.637
485.203
496.719
501.719
509.852
515.435
536.285
539.201
568.0
578.033
584.033
588.766
590.266
591.266
633.897
651.813
657.347
670.229
681.946
690.895
721.811
735.627
737.96
739.46
740.46
755.626
758.276
762.776
769.826
835.056
846.206
849.706
862.455
864.539
866.039
867.038
872.005
876.505
900.437
904.937
911.087
915.587
920.203
935.836
937.936
939.436
940.436
972.668
1022.182
1028.232
1030.832
1034.832
1041.982
1053.481
1055.931
1057.431
1058.431
1077.614
1081.03
1121.979
1130.828
1132.795
1134.295
1135.295
1147.728
1166.077
1167.577
1168.577
1182.91
1192.793
1195.793
1200.676
1204.725
1215.275
1219.275
1232.941
1236.441
1255.14
1259.64
1265.923
1268.373
1270.94
1272.44
1273.439
1279.456
1283.956
1287.489
1288.989
1289.989
1298.472
1324.021
1357.703
1359.203
1360.203
1375.102
1395.185
1398.301
1407.701
1410.701
1417.234
1428.45
1432.45
1436.583
1441.583
1446.083
1447.583
1448.583
1452.883
1456.882
1461.399
1465.899
1471.649
1483.415
1486.565
1488.598
1490.098
1491.098
1508.147
1509.647
1510.647
1514.747
1517.413
1523.347
1527.996
1546.046
1556.895
1560.395
1567.811
1592.944
1615.093
1618.426
1621.059
1624.559
1650.025
1652.591
1654.091
1655.091
1658.275
1662.774
1671.041
1687.424
1690.457
1703.306
1723.805
1726.189
1730.689
1747.404
1750.138
1751.638
1752.638
1760.054
1765.837
1768.787
1772.787
1804.986
1807.602
1811.102
1837.218
1846.167
1861.984
1863.483
1864.483
1888.632
1890.949
1892.449
1893.449
1899.532
1903.532
1907.648
1911.648
1928.614
1930.114
1931.114
1969.279
1970.779
1971.779
1977.062
1981.562
1986.112
1991.962
1994.928
2000.261
2002.578
2004.078
2005.078
2040.193
2042.66
2044.16
2045.16
2058.326
2071.325
2076.725
2096.291
2099.324
2102.641
2120.457
2129.04
2130.54
2131.54
2139.189
2145.889
2157.239
2160.355
2171.155
2175.155
2181.571
2184.371
2195.154
2205.454
2208.337
2214.736
2232.536
2234.786
2236.286
2237.286
2246.919
2304.416
2317.416
2320.716
2330.565
2336.065
2343.015
2349.348
2358.748
2364.597
2404.762
2414.645
2416.145
2417.145
2424.145
2436.561
2438.595
2440.094
2441.094
2461.594
2464.06
2469.793
2475.51
2488.243
2492.159
2523.858
2527.858
2562.856
2564.356
2565.356
2572.356
2575.856
2591.422
2611.954
2613.988
2615.488
2616.488
2621.321
2627.504
2632.037
2634.154
2635.654
2636.654
2643.037
2649.386
2669.302
2674.302
2679.369
2682.018
2686.252
2706.917
2724.917
2727.617
2730.65
2734.65
2738.433
2739.933
2740.933
2759.282
2760.782
2761.782
2771.065
2788.781
2793.964
2800.347
2804.864
2807.53
2809.03
2810.03
2824.046
2878.827
2883.327
2888.694
2891.644
2894.644
2913.143
2914.976
2916.476
2917.476
2950.008
2953.158
2957.158
2970.224
2972.774
2986.357
2990.823
3003.673
3007.189
3017.355
3018.855
3019.855
3023.755
3025.255
3026.255
3037.855
3039.355
3040.355
3069.053
3088.419
3089.919
3090.919
3098.702
3103.569
3127.485
3132.201
3142.551
3148.067
3166.316
3176.033
3179.216
3182.416
3210.665
3212.931
3214.431
3215.431
3226.147
3227.647
3228.647
3235.53
3240.547
3245.497
3250.296
3253.03
3255.23
3256.73
3257.73
3262.746
3266.262
3276.712
3287.145
3288.645
3289.645
3297.328
3301.195
3303.644
3313.511
3315.011
3316.011
3322.46
3344.776
3354.526
3372.558
3376.308
3415.573
3421.09
3458.738
3461.755
3497.437
3499.753
3502.02
3503.52
3504.52
3512.453
3531.486
3543.468
3544.968
3545.968
3551.235
3562.001
3567.584
3569.751
3574.251
3607.183
3617.866
3622.815
3669.414
3670.914
3671.914
3677.347
3682.28
3685.63
3694.196
3697.263
3707.496
3712.995
3735.994
3744.827
3746.327
3747.327
3760.643
3762.843
3764.343
3765.343
3769.21
3800.875
3802.375
3803.375
3810.275
3815.275
3822.024
3832.207
3836.207
3863.673
3867.173
3874.472
3877.972
3882.472
3897.705
3909.488
3921.204
3925.204
3932.92
