4.938
45.92
59.27
64.019
69.452
83.385
88.668
94.818
108.534
121.6
135.433
146.466
152.866
171.665
176.615
181.681
207.664
239.763
245.446
249.362
262.028
287.111
290.411
292.944
312.36
337.209
358.608
371.424
413.623
453.904
459.038
462.321
468.071
478.637
485.203
509.852
515.435
536.284
539.201
568.0
633.897
651.813
657.347
670.229
681.946
690.895
721.811
735.627
755.626
769.826
835.056
862.455
920.203
935.836
972.668
1022.182
1028.232
1041.982
1053.481
1077.614
1081.03
1121.979
1130.828
1147.728
1182.91
1192.793
1195.793
1200.676
1204.725
1265.923
1268.373
1298.472
1324.021
1375.102
1395.185
1398.301
1417.234
1471.649
1483.415
1486.565
1514.747
1517.413
1523.347
1527.996
1546.046
1567.811
1592.944
1615.093
1618.426
1650.025
1671.041
1687.424
1690.457
1703.306
1723.805
1747.404
1760.054
1765.837
1804.986
1837.218
1846.167
1888.632
1986.112
1991.962
1994.928
2000.261
2040.193
2058.326
2071.325
2076.725
2096.291
2099.324
2102.641
2120.457
2139.189
2145.889
2157.239
2160.355
2181.571
2184.371
2195.154
2205.454
2208.337
2214.736
2232.536
2246.919
2304.416
2317.416
2320.716
2343.015
2349.348
2358.748
2364.597
2404.762
2424.145
2436.561
2461.594
2464.06
2469.793
2475.51
2488.243
2492.159
2591.422
2611.954
2621.321
2627.504
2632.037
2643.037
2649.386
2679.369
2682.018
2686.252
2706.917
2724.917
2727.617
2771.065
2788.781
2793.964
2800.347
2804.864
2824.046
2888.694
2913.143
2950.008
2970.224
2972.774
2986.357
2990.823
3003.673
3007.189
3069.053
3098.702
3103.569
3127.485
3132.201
3142.551
3148.067
3166.316
3176.033
3179.216
3182.416
3210.665
3235.53
3240.547
3245.497
3250.296
3253.03
3262.746
3266.262
3276.712
3297.328
3301.194
3303.644
3322.46
3344.776
3354.526
3372.558
3376.308
3415.573
3421.09
3458.738
3461.755
3497.437
3499.753
3512.453
3531.486
3551.235
3562.001
3567.584
3607.183
3617.866
3622.815
3677.347
3682.28
3685.63
3694.196
3697.263
3735.994
3760.643
3769.21
3822.024
3874.472
3897.705
3909.488
3932.92
